Date,Adj Close
2018-01-02,82.11131286621094
2018-01-03,82.0090560913086
2018-01-04,81.38764953613281
2018-01-05,82.04051971435547
2018-01-08,81.9146499633789
2018-01-09,82.50459289550781
2018-01-10,83.086669921875
2018-01-11,82.48101806640625
2018-01-12,82.19783020019531
2018-01-16,82.4888687133789
2018-01-17,83.21253204345703
2018-01-18,82.64620208740234
2018-01-19,85.67452239990234
2018-01-22,85.58800506591797
2018-01-23,86.15434265136719
2018-01-24,86.99597930908203
2018-01-25,84.54972839355469
2018-01-26,86.67347717285156
2018-01-29,85.43067169189453
2018-01-30,84.9036865234375
2018-01-31,84.34520721435547
2018-02-01,82.72483825683594
2018-02-02,81.36405181884766
2018-02-05,77.62779998779297
2018-02-06,78.91778564453125
2018-02-07,77.77723693847656
2018-02-08,78.96498107910156
2018-02-09,78.61102294921875
2018-02-12,80.54601287841797
2018-02-13,81.05728149414062
2018-02-14,80.65612030029297
2018-02-15,81.5606918334961
2018-02-16,82.04837036132812
2018-02-20,80.89997100830078
2018-02-21,81.58430480957031
2018-02-22,81.00222778320312
2018-02-23,83.46422576904297
2018-02-26,83.9125747680664
2018-02-27,81.86746978759766
2018-02-28,81.4505844116211
2018-03-01,82.33942413330078
2018-03-02,84.01483154296875
2018-03-05,84.71488189697266
2018-03-06,84.93513488769531
2018-03-07,84.0777587890625
2018-03-08,85.7374496459961
2018-03-09,85.18685913085938
2018-03-12,84.27440643310547
2018-03-13,84.35305786132812
2018-03-14,83.0709457397461
2018-03-15,82.583251953125
2018-03-16,81.3797836303711
2018-03-19,80.02686309814453
2018-03-20,78.8705825805664
2018-03-21,77.71775817871094
2018-03-22,77.65413665771484
2018-03-23,76.03218841552734
2018-03-26,76.60464477539062
2018-03-27,76.90677642822266
2018-03-28,79.33968353271484
2018-03-29,79.02960968017578
2018-04-02,77.55076599121094
2018-04-03,79.38737487792969
2018-04-04,80.23809814453125
2018-04-05,80.8582534790039
2018-04-06,80.31761169433594
2018-04-09,80.06319427490234
2018-04-10,80.38121795654297
2018-04-11,80.07908630371094
2018-04-12,79.70541381835938
2018-04-13,80.97750854492188
2018-04-16,81.85208892822266
2018-04-17,82.13036346435547
2018-04-18,80.65154266357422
2018-04-19,68.08948516845703
2018-04-20,67.000244140625
2018-04-23,66.52320098876953
2018-04-24,65.58502960205078
2018-04-25,65.04437255859375
2018-04-26,64.78996276855469
2018-04-27,65.64067077636719
2018-04-30,65.19542694091797
2018-05-01,64.55938720703125
2018-05-02,63.68482208251953
2018-05-03,63.95514678955078
2018-05-04,65.09209442138672
2018-05-07,64.80586242675781
2018-05-08,64.24932098388672
2018-05-09,65.1874771118164
2018-05-10,65.99051666259766
2018-05-11,64.55938720703125
2018-05-14,64.28907012939453
2018-05-15,63.54966735839844
2018-05-16,64.31292724609375
2018-05-17,64.43217468261719
2018-05-18,64.20160675048828
2018-05-21,63.72456359863281
2018-05-22,63.50196075439453
2018-05-23,64.95692443847656
2018-05-24,64.88536834716797
2018-05-25,63.87563705444336
2018-05-29,63.0249137878418
2018-05-30,63.8597412109375
2018-05-31,63.23958206176758
2018-06-01,62.158287048339844
2018-06-04,62.34117126464844
2018-06-05,61.6256103515625
2018-06-06,61.10084533691406
2018-06-07,61.53018569946289
2018-06-08,63.14417266845703
2018-06-11,63.979000091552734
2018-06-12,63.8597412109375
2018-06-13,63.68482208251953
2018-06-14,64.28112030029297
2018-06-15,65.10004425048828
2018-06-18,63.62916946411133
2018-06-19,64.27316284179688
2018-06-20,64.99668884277344
2018-06-21,64.07749938964844
2018-06-22,64.65804290771484
2018-06-25,64.48066711425781
2018-06-26,64.31938934326172
2018-06-27,64.42420196533203
2018-06-28,65.84329223632812
2018-06-29,65.10150909423828
2018-07-02,64.6983413696289
2018-07-03,65.40790557861328
2018-07-05,66.14165496826172
2018-07-06,66.32708740234375
2018-07-09,66.26258850097656
2018-07-10,66.65768432617188
2018-07-11,66.79475402832031
2018-07-12,67.08502960205078
2018-07-13,66.66574096679688
2018-07-16,66.05294036865234
2018-07-17,66.383544921875
2018-07-18,66.23841094970703
2018-07-19,65.23051452636719
2018-07-20,67.98003387451172
2018-07-23,67.10115051269531
2018-07-24,67.37529754638672
2018-07-25,67.57687377929688
2018-07-26,68.10096740722656
2018-07-27,68.91534423828125
2018-07-30,69.84260559082031
2018-07-31,69.58458709716797
2018-08-01,68.97179412841797
2018-08-02,69.34268951416016
2018-08-03,70.01998901367188
2018-08-06,69.46363830566406
2018-08-07,68.96373748779297
2018-08-08,67.52850341796875
2018-08-09,68.05259704589844
2018-08-10,66.56897735595703
2018-08-13,66.00457000732422
2018-08-14,66.36740112304688
2018-08-15,67.25436401367188
2018-08-16,68.27835845947266
2018-08-17,68.57670593261719
2018-08-20,68.19773864746094
2018-08-21,67.35110473632812
2018-08-22,66.46415710449219
2018-08-23,66.37548065185547
2018-08-24,64.25487518310547
2018-08-27,64.71446990966797
2018-08-28,64.1016845703125
2018-08-29,63.74689483642578
2018-08-30,63.35181427001953
2018-08-31,62.803524017333984
2018-09-04,62.60194396972656
2018-09-05,63.529197692871094
2018-09-06,63.392127990722656
2018-09-07,63.376007080078125
2018-09-10,63.19862365722656
2018-09-11,62.44873046875
2018-09-12,64.5451431274414
2018-09-13,64.32743835449219
2018-09-14,63.964595794677734
2018-09-17,64.74673461914062
2018-09-18,64.77090454101562
2018-09-19,65.23856353759766
2018-09-20,66.5609359741211
2018-09-21,67.52850341796875
2018-09-24,65.80298614501953
2018-09-25,65.3450698852539
2018-09-26,65.82752227783203
2018-09-27,66.65343475341797
2018-09-28,66.6779556274414
2018-10-01,66.90693664550781
2018-10-02,68.29708099365234
2018-10-03,67.79825592041016
2018-10-04,68.54238891601562
2018-10-05,68.77136993408203
2018-10-08,69.4173812866211
2018-10-09,69.20476531982422
2018-10-10,69.19658660888672
2018-10-11,67.3076171875
2018-10-12,67.3076171875
2018-10-15,68.27255249023438
2018-10-16,68.28070831298828
2018-10-17,69.14752197265625
2018-10-18,71.5680160522461
2018-10-19,72.63924407958984
2018-10-22,71.5598373413086
2018-10-23,72.36939239501953
2018-10-24,72.9417953491211
2018-10-25,74.11116790771484
2018-10-26,72.77825927734375
2018-10-29,73.9721450805664
2018-10-30,73.9803237915039
2018-10-31,72.01776885986328
2018-11-01,72.24674224853516
2018-11-02,72.5738296508789
2018-11-05,73.22801208496094
2018-11-06,72.59017181396484
2018-11-07,72.83549499511719
2018-11-08,73.1707763671875
2018-11-09,72.9254379272461
2018-11-12,71.92781829833984
2018-11-13,70.65214538574219
2018-11-14,69.91619110107422
2018-11-15,70.18601989746094
2018-11-16,70.59491729736328
2018-11-19,71.657958984375
2018-11-20,70.77481842041016
2018-11-21,68.64869689941406
2018-11-23,68.73048400878906
2018-11-26,68.5587387084961
2018-11-27,69.5482177734375
2018-11-28,70.64397430419922
2018-11-29,71.11007690429688
2018-11-30,70.75846099853516
2018-12-03,71.20819854736328
2018-12-04,69.85893249511719
2018-12-06,69.74447631835938
2018-12-07,69.14752197265625
2018-12-10,68.86949157714844
2018-12-11,68.9594497680664
2018-12-12,68.54238891601562
2018-12-13,68.96761322021484
2018-12-14,67.4629898071289
2018-12-17,66.56349182128906
2018-12-18,61.468997955322266
2018-12-19,59.8166618347168
2018-12-20,57.3588981628418
2018-12-21,54.975860595703125
2018-12-24,54.776588439941406
2018-12-26,55.51557540893555
2018-12-27,55.36611557006836
2018-12-28,55.85599899291992
2018-12-31,55.43254089355469
2019-01-02,55.889217376708984
2019-01-03,55.16683578491211
2019-01-04,57.749149322509766
2019-01-07,55.98054504394531
2019-01-08,56.35420227050781
2019-01-09,56.387420654296875
2019-01-10,56.586700439453125
2019-01-11,57.70763397216797
2019-01-14,57.80727005004883
2019-01-15,58.537967681884766
2019-01-16,58.745548248291016
2019-01-17,60.21521759033203
2019-01-18,61.26973342895508
2019-01-22,60.45600128173828
2019-01-23,61.44409942626953
2019-01-24,59.409812927246094
2019-01-25,60.389583587646484
2019-01-28,61.734718322753906
2019-01-29,61.784523010253906
2019-01-30,61.842655181884766
2019-01-31,63.70259475708008
2019-02-01,62.88056564331055
2019-02-04,63.14625930786133
2019-02-05,62.946990966796875
2019-02-06,62.69789505004883
2019-02-07,63.710899353027344
2019-02-08,66.4094467163086
2019-02-11,65.63723754882812
2019-02-12,66.92425537109375
2019-02-13,67.5054702758789
2019-02-14,67.96215057373047
2019-02-15,69.29896545410156
2019-02-19,69.24085998535156
2019-02-20,70.61089324951172
2019-02-21,71.05927276611328
2019-02-22,72.36288452148438
2019-02-25,71.90620422363281
2019-02-26,71.83147430419922
2019-02-27,72.46251678466797
2019-02-28,72.18850708007812
2019-03-01,72.66180419921875
2019-03-04,72.47081756591797
2019-03-05,72.22171783447266
2019-03-06,72.25492858886719
2019-03-07,72.21341705322266
2019-03-08,72.61197662353516
2019-03-11,74.09825897216797
2019-03-12,73.73291778564453
2019-03-13,74.31414031982422
2019-03-14,74.554931640625
2019-03-15,75.4350814819336
2019-03-18,75.33543395996094
2019-03-19,75.14447784423828
2019-03-20,75.34374237060547
2019-03-21,76.31522369384766
2019-03-22,75.70076751708984
2019-03-25,74.22090911865234
2019-03-26,74.48998260498047
2019-03-27,73.17826080322266
2019-03-28,73.38848114013672
2019-03-29,74.32181549072266
2019-04-01,74.16205596923828
2019-04-02,74.00228881835938
2019-04-03,72.15243530273438
2019-04-04,72.37105560302734
2019-04-05,71.84132385253906
2019-04-08,71.73202514648438
2019-04-09,72.17766571044922
2019-04-10,72.068359375
2019-04-11,71.90019989013672
2019-04-12,72.11880493164062
2019-04-15,72.47196960449219
2019-04-16,72.48877716064453
2019-04-17,71.87496948242188
2019-04-18,71.04253387451172
2019-04-22,70.8743667602539
2019-04-23,71.39570617675781
2019-04-24,71.00890350341797
2019-04-25,70.28578186035156
2019-04-26,71.2695541381836
2019-04-29,71.38729858398438
2019-04-30,72.78307342529297
2019-05-01,72.12720489501953
2019-05-02,71.40409088134766
2019-05-03,72.05994415283203
2019-05-06,71.57227325439453
2019-05-07,70.9920883178711
2019-05-08,70.47077178955078
2019-05-09,70.5716552734375
2019-05-10,71.0845718383789
2019-05-13,70.3782730102539
2019-05-14,70.70619201660156
2019-05-15,71.75724792480469
2019-05-16,71.90019989013672
2019-05-17,72.99327850341797
2019-05-20,72.50560760498047
2019-05-21,72.11040496826172
2019-05-22,71.88336944580078
2019-05-23,72.51399993896484
2019-05-24,71.16866302490234
2019-05-28,68.57046508789062
2019-05-29,68.22572326660156
2019-05-30,66.93082427978516
2019-05-31,64.85395812988281
2019-06-03,66.09840393066406
2019-06-04,66.00590515136719
2019-06-05,64.95486450195312
2019-06-06,64.91281127929688
2019-06-07,65.72842407226562
2019-06-10,64.71102142333984
2019-06-11,65.70319366455078
2019-06-12,64.92123413085938
2019-06-13,65.24075317382812
2019-06-14,64.91281127929688
2019-06-17,65.57707977294922
2019-06-18,64.83715057373047
2019-06-19,64.45034790039062
2019-06-20,65.8757553100586
2019-06-21,67.61697387695312
2019-06-24,66.43054962158203
2019-06-25,67.27552795410156
2019-06-26,66.04646301269531
2019-06-27,66.50735473632812
2019-06-28,67.02803039550781
2019-07-01,66.55858612060547
2019-07-02,68.0693359375
2019-07-03,68.82044219970703
2019-07-05,68.3851547241211
2019-07-08,67.94984436035156
2019-07-09,67.80474853515625
2019-07-10,68.5217056274414
2019-07-11,69.35820007324219
2019-07-12,69.8958969116211
2019-07-15,69.53742218017578
2019-07-16,69.63130950927734
2019-07-17,69.17893981933594
2019-07-18,74.86346435546875
2019-07-19,75.73406982421875
2019-07-22,74.21478271484375
2019-07-23,74.0440673828125
2019-07-24,72.56747436523438
2019-07-25,73.0881118774414
2019-07-26,73.38684844970703
2019-07-29,74.0526123046875
2019-07-30,73.65998840332031
2019-07-31,71.36398315429688
2019-08-01,70.37387084960938
2019-08-02,71.84196472167969
2019-08-05,68.504638671875
2019-08-06,69.40938568115234
2019-08-07,69.44353485107422
2019-08-08,70.39948272705078
2019-08-09,70.49336242675781
2019-08-12,70.31413269042969
2019-08-13,71.65418243408203
2019-08-14,71.12499237060547
2019-08-15,72.1150894165039
2019-08-16,72.47357177734375
2019-08-19,72.55892181396484
2019-08-20,70.84333801269531
2019-08-21,70.88600158691406
2019-08-22,70.80064392089844
2019-08-23,69.32402801513672
2019-08-26,66.34520721435547
2019-08-27,61.19839096069336
2019-08-28,63.43464660644531
2019-08-29,62.06898498535156
2019-08-30,61.531253814697266
2019-09-03,62.01777648925781
2019-09-04,62.325050354003906
2019-09-05,61.411766052246094
2019-09-06,62.28237533569336
2019-09-09,62.56404495239258
2019-09-10,63.58828353881836
2019-09-11,64.07479858398438
2019-09-12,63.92969512939453
2019-09-13,62.35066223144531
2019-09-16,61.96656799316406
2019-09-17,61.47151184082031
2019-09-18,61.078895568847656
2019-09-19,61.206912994384766
2019-09-20,60.77162170410156
2019-09-23,61.45444869995117
2019-09-24,62.08781814575195
2019-09-25,65.3154067993164
2019-09-26,65.32408905029297
2019-09-27,65.18527221679688
2019-09-30,65.87936401367188
2019-10-01,67.52787780761719
2019-10-02,66.56480407714844
2019-10-03,66.60818481445312
2019-10-04,67.9183120727539
2019-10-07,66.95523834228516
2019-10-08,66.26113891601562
2019-10-09,67.19817352294922
2019-10-10,67.4584732055664
2019-10-11,67.63199615478516
2019-10-14,67.70140838623047
2019-10-15,67.95301818847656
2019-10-16,68.62976837158203
2019-10-17,69.28050231933594
2019-10-18,69.88785552978516
2019-10-21,70.9723892211914
2019-10-22,70.4257583618164
2019-10-23,70.95502471923828
2019-10-24,70.66870880126953
2019-10-25,71.12855529785156
2019-10-28,71.22399139404297
2019-10-29,71.01576232910156
2019-10-30,70.46047973632812
2019-10-31,70.66004180908203
2019-11-01,71.98751831054688
2019-11-04,72.39531707763672
2019-11-05,73.05470275878906
2019-11-06,72.62088012695312
2019-11-07,71.36282348632812
2019-11-08,72.50808715820312
2019-11-11,72.65557861328125
2019-11-12,73.2802963256836
2019-11-13,73.5145492553711
2019-11-14,72.5688247680664
2019-11-15,73.56659698486328
2019-11-18,73.56659698486328
2019-11-19,72.41265106201172
2019-11-20,72.43000030517578
2019-11-21,72.41265106201172
2019-11-22,71.4756088256836
2019-11-25,71.46693420410156
2019-11-26,71.38015747070312
2019-11-27,71.56237030029297
2019-11-29,71.95281982421875
2019-12-02,71.66649627685547
2019-12-03,71.98751831054688
2019-12-04,71.232666015625
2019-12-05,71.4756088256836
2019-12-06,72.2304458618164
2019-12-09,72.52544403076172
2019-12-10,72.79441833496094
2019-12-11,73.60997772216797
2019-12-12,72.924560546875
2019-12-13,73.46249389648438
2019-12-16,74.8333511352539
2019-12-17,74.57306671142578
2019-12-18,75.3823013305664
2019-12-19,75.63739013671875
2019-12-20,75.00405883789062
2019-12-23,75.66376495361328
2019-12-24,75.7429428100586
2019-12-26,75.67256927490234
2019-12-27,75.91885375976562
2019-12-30,75.3823013305664
2019-12-31,74.84574127197266
2020-01-02,74.9336929321289
2020-01-03,74.79296112060547
2020-01-06,75.66376495361328
2020-01-07,75.9980239868164
2020-01-08,77.44056701660156
2020-01-09,77.65167999267578
2020-01-10,76.93040466308594
2020-01-13,77.24706268310547
2020-01-14,77.03597259521484
2020-01-15,77.68687438964844
2020-01-16,77.89796447753906
2020-01-17,78.01232147216797
2020-01-21,78.170654296875
2020-01-22,78.26740264892578
2020-01-23,76.59615325927734
2020-01-24,75.77812957763672
2020-01-27,74.51148986816406
2020-01-28,74.485107421875
2020-01-29,73.85179138183594
2020-01-30,74.17723846435547
2020-01-31,72.74347686767578
2020-02-03,73.00736236572266
2020-02-04,73.53511810302734
2020-02-05,73.83419799804688
2020-02-06,75.80450439453125
2020-02-07,76.9216079711914
2020-02-10,78.06509399414062
2020-02-11,78.67203521728516
2020-02-12,77.31743621826172
2020-02-13,78.12667846679688
2020-02-14,77.84521484375
2020-02-18,76.9128189086914
2020-02-19,77.2998275756836
2020-02-20,76.9128189086914
2020-02-21,78.84793853759766
2020-02-24,75.26795196533203
2020-02-25,74.7665786743164
2020-02-26,75.86607360839844
2020-02-27,73.06893920898438
2020-02-28,72.01341247558594
2020-03-02,74.74018859863281
2020-03-03,73.4471664428711
2020-03-04,78.05630493164062
2020-03-05,77.28224182128906
2020-03-06,76.76329040527344
2020-03-09,71.80229187011719
2020-03-10,74.5290756225586
2020-03-11,70.22779846191406
2020-03-12,63.55158996582031
2020-03-13,69.9287338256836
2020-03-16,61.22063064575195
2020-03-17,65.08209228515625
2020-03-18,57.095279693603516
2020-03-19,58.432281494140625
2020-03-20,54.69855880737305
2020-03-23,53.70468521118164
2020-03-24,56.945953369140625
2020-03-25,59.157535552978516
2020-03-26,63.71500015258789
2020-03-27,61.9152946472168
2020-03-30,64.9595718383789
2020-03-31,65.32666778564453
2020-04-01,63.6791877746582
2020-04-02,66.56228637695312
2020-04-03,65.77435302734375
2020-04-06,67.76210021972656
2020-04-07,66.71450805664062
2020-04-08,66.84882354736328
2020-04-09,67.45767211914062
2020-04-13,66.21309661865234
2020-04-14,69.10516357421875
2020-04-15,67.54721069335938
2020-04-16,67.50244140625
2020-04-17,69.80355072021484
2020-04-20,68.81864929199219
2020-04-21,64.71781921386719
2020-04-22,65.41622161865234
2020-04-23,64.27012634277344
2020-04-24,65.96238708496094
2020-04-27,67.08160400390625
2020-04-28,69.1678466796875
2020-04-29,68.4963150024414
2020-04-30,66.79509735107422
2020-05-01,65.61320495605469
2020-05-04,65.64005279541016
2020-05-05,64.64619445800781
2020-05-06,64.01941680908203
2020-05-07,62.80170440673828
2020-05-08,64.46711730957031
2020-05-11,63.82243728637695
2020-05-12,62.55996322631836
2020-05-13,61.59295654296875
2020-05-14,60.849788665771484
2020-05-15,60.68861770629883
2020-05-18,61.10944747924805
2020-05-19,61.342247009277344
2020-05-20,63.09719467163086
2020-05-21,63.124053955078125
2020-05-22,63.07926559448242
2020-05-26,64.58350372314453
2020-05-27,66.17729187011719
2020-05-28,65.81912994384766
2020-05-29,65.68482208251953
2020-06-01,66.06983184814453
2020-06-02,66.01612854003906
2020-06-03,66.44589233398438
2020-06-04,67.3233642578125
2020-06-05,67.9680404663086
2020-06-08,69.57076263427734
2020-06-09,67.73524475097656
2020-06-10,67.27860260009766
2020-06-11,63.79558563232422
2020-06-12,63.05241775512695
2020-06-15,64.64619445800781
2020-06-16,66.84882354736328
2020-06-17,66.33844757080078
2020-06-18,66.79509735107422
2020-06-19,65.67623138427734
2020-06-22,65.53069305419922
2020-06-23,65.03038024902344
2020-06-24,63.75687789916992
2020-06-25,64.28447723388672
2020-06-26,62.64712905883789
2020-06-29,64.1389389038086
2020-06-30,63.729591369628906
2020-07-01,63.665924072265625
2020-07-02,64.09344482421875
2020-07-06,64.2208023071289
2020-07-07,66.34937286376953
2020-07-08,65.76720428466797
2020-07-09,63.80236053466797
2020-07-10,66.36756134033203
2020-07-13,66.8587646484375
2020-07-14,67.5955810546875
2020-07-15,68.2232437133789
2020-07-16,68.54161071777344
2020-07-17,68.25052642822266
2020-07-20,66.30389404296875
2020-07-21,69.06011199951172
2020-07-22,69.13288116455078
2020-07-23,69.40577697753906
2020-07-24,69.90607452392578
2020-07-27,71.4433822631836
2020-07-28,70.92487335205078
2020-07-29,71.30693817138672
2020-07-30,70.45185852050781
2020-07-31,69.86968994140625
2020-08-03,69.614990234375
2020-08-04,70.13348388671875
2020-08-05,70.00613403320312
2020-08-06,70.15167999267578
2020-08-07,70.49735260009766
2020-08-10,71.28872680664062
2020-08-11,71.60710144042969
2020-08-12,72.48945617675781
2020-08-13,71.07951354980469
2020-08-14,70.68836975097656
2020-08-17,71.18867492675781
2020-08-18,72.02554321289062
2020-08-19,71.58891296386719
2020-08-20,71.15228271484375
2020-08-21,71.00672912597656
2020-08-24,72.43488311767578
2020-08-25,72.42577362060547
2020-08-26,72.75325775146484
2020-08-27,72.77145385742188
2020-08-28,73.444580078125
2020-08-31,72.58042907714844
2020-09-01,71.89818572998047
2020-09-02,72.75325775146484
2020-09-03,72.15289306640625
2020-09-04,71.99826049804688
2020-09-08,71.88909912109375
2020-09-09,73.19898223876953
2020-09-10,73.1444091796875
2020-09-11,73.89031982421875
2020-09-14,74.53616333007812
2020-09-15,74.04495239257812
2020-09-16,73.31723022460938
2020-09-17,72.28933715820312
2020-09-18,71.02494049072266
2020-09-21,70.79752349853516
2020-09-22,70.05162811279297
2020-09-23,69.7651596069336
2020-09-24,70.55059051513672
2020-09-25,69.67276000976562
2020-09-28,70.51364135742188
2020-09-29,68.69327545166016
2020-09-30,69.29390716552734
2020-10-01,68.50846862792969
2020-10-02,68.80416107177734
2020-10-05,70.1440200805664
2020-10-06,69.7651596069336
2020-10-07,73.04551696777344
2020-10-08,72.38020324707031
2020-10-09,72.888427734375
2020-10-12,73.29500579833984
2020-10-13,73.19335174560547
2020-10-14,72.91615295410156
2020-10-15,73.12867736816406
2020-10-16,73.2488021850586
2020-10-19,71.92742919921875
2020-10-20,67.76000213623047
2020-10-21,68.21278381347656
2020-10-22,69.17377471923828
2020-10-23,68.79491424560547
2020-10-26,68.05567932128906
2020-10-27,65.91191864013672
2020-10-28,64.71989440917969
2020-10-29,65.2743148803711
2020-10-30,65.62545013427734
2020-11-02,66.1891098022461
2020-11-03,66.36468505859375
2020-11-04,66.10595703125
2020-11-05,65.51457214355469
2020-11-06,65.09874725341797
2020-11-09,66.1891098022461
2020-11-10,69.0721435546875
2020-11-11,69.40479278564453
2020-11-12,68.84111785888672
2020-11-13,70.12553405761719
2020-11-16,72.65740966796875
2020-11-17,72.42639923095703
2020-11-18,71.58553314208984
2020-11-19,71.62248229980469
2020-11-20,70.9017333984375
2020-11-23,70.809326171875
2020-11-24,72.09374237060547
2020-11-25,71.0495834350586
2020-11-27,70.13478088378906
2020-11-30,69.99617004394531
2020-12-01,71.17893981933594
2020-12-02,72.13995361328125
2020-12-03,72.53728485107422
2020-12-04,74.61638641357422
2020-12-07,75.4757308959961
2020-12-08,76.36282348632812
2020-12-09,78.18318939208984
2020-12-10,78.51583862304688
2020-12-11,78.54356384277344
2020-12-14,77.9891357421875
2020-12-15,77.88748931884766
2020-12-16,79.12571716308594
2020-12-17,79.16266632080078
2020-12-18,79.55076599121094
2020-12-21,77.77660369873047
2020-12-22,77.0454330444336
2020-12-23,77.05479431152344
2020-12-24,77.34539794921875
2020-12-28,77.32664489746094
2020-12-29,76.7454605102539
2020-12-30,76.37986755371094
2020-12-31,77.60787200927734
2021-01-04,76.39862060546875
2021-01-05,77.23290252685547
2021-01-06,77.33602142333984
2021-01-07,77.78597259521484
2021-01-08,77.88908386230469
2021-01-11,77.15791320800781
2021-01-12,75.99552917480469
2021-01-13,76.12677764892578
2021-01-14,76.09864807128906
2021-01-15,75.87367248535156
2021-01-19,76.7735824584961
2021-01-20,76.58609771728516
2021-01-21,76.23926544189453
2021-01-22,75.62995147705078
2021-01-25,76.24862670898438
2021-01-26,76.85794067382812
2021-01-27,74.8050308227539
2021-01-28,76.1923828125
2021-01-29,74.66441345214844
2021-02-01,74.1113510131836
2021-02-02,74.30819702148438
2021-02-03,75.2081069946289
2021-02-04,78.39529418945312
2021-02-05,79.00460052490234
2021-02-08,80.60757446289062
2021-02-09,80.27010345458984
2021-02-10,80.56070709228516
2021-02-11,80.01700592041016
2021-02-12,80.72943878173828
2021-02-16,80.616943359375
2021-02-17,81.18875885009766
2021-02-18,80.92628479003906
2021-02-19,80.10137176513672
2021-02-22,81.08564758300781
2021-02-23,81.02941131591797
2021-02-24,82.07929992675781
2021-02-25,81.10440063476562
2021-02-26,78.76087951660156
2021-03-01,79.6326675415039
2021-03-02,79.74515533447266
2021-03-03,79.82015991210938
2021-03-04,79.31394958496094
2021-03-05,80.76692962646484
2021-03-08,80.95440673828125
2021-03-09,81.61996459960938
2021-03-10,81.32937622070312
2021-03-11,81.20751190185547
2021-03-12,82.22927856445312
2021-03-15,82.19178771972656
2021-03-16,82.67924499511719
2021-03-17,83.61664581298828
2021-03-18,84.89152526855469
2021-03-19,84.78701782226562
2021-03-22,85.48051452636719
2021-03-23,83.64703369140625
2021-03-24,84.12202453613281
2021-03-25,84.25502014160156
2021-03-26,86.05050659179688
2021-03-29,86.44001007080078
2021-03-30,84.88201904296875
2021-03-31,84.30252838134766
2021-04-01,83.65652465820312
2021-04-05,84.16952514648438
2021-04-06,84.1980209350586
2021-04-07,83.86552429199219
2021-04-08,84.96752166748047
2021-04-09,86.5160140991211
2021-04-12,86.82000732421875
2021-04-13,86.24050903320312
2021-04-14,86.5160140991211
2021-04-15,87.23800659179688
2021-04-16,88.26399993896484
2021-04-19,87.08600616455078
2021-04-20,89.29949188232422
2021-04-21,89.47998809814453
2021-04-22,89.30899810791016
2021-04-23,89.87899780273438
2021-04-26,89.66999816894531
2021-04-27,89.78398895263672
2021-04-28,89.4419937133789
2021-04-29,90.3349838256836
2021-04-30,90.2494888305664
2021-05-03,91.05697631835938
2021-05-04,90.16399383544922
2021-05-05,90.66748809814453
2021-05-06,91.97847747802734
2021-05-07,92.53897857666016
2021-05-10,93.1564712524414
2021-05-11,92.42498016357422
2021-05-12,91.38947296142578
2021-05-13,92.67198181152344
2021-05-14,92.8144760131836
2021-05-17,92.67198181152344
2021-05-18,92.80498504638672
2021-05-19,91.49398040771484
2021-05-20,92.54847717285156
2021-05-21,92.54847717285156
2021-05-24,93.25147247314453
2021-05-25,92.64347076416016
2021-05-26,92.44397735595703
2021-05-27,91.84547424316406
2021-05-28,91.60797882080078
2021-06-01,91.94046783447266
2021-06-02,91.9689712524414
2021-06-03,92.5009765625
2021-06-04,93.00447845458984
2021-06-07,93.63146209716797
2021-06-08,91.57947540283203
2021-06-09,91.91197204589844
2021-06-10,92.67198181152344
2021-06-11,93.89746856689453
2021-06-14,95.47445678710938
2021-06-15,95.43646240234375
2021-06-16,94.9234619140625
2021-06-17,94.99945831298828
2021-06-18,94.52445983886719
2021-06-21,95.15147399902344
2021-06-22,94.99945831298828
2021-06-23,95.04696655273438
2021-06-24,95.22003173828125
2021-06-25,95.22964477539062
2021-06-28,94.87388610839844
2021-06-29,94.1719741821289
2021-06-30,95.29695129394531
2021-07-01,96.04695129394531
2021-07-02,96.44117736816406
2021-07-06,94.85465240478516
2021-07-07,94.98927307128906
2021-07-08,94.58543395996094
2021-07-09,95.57579803466797
2021-07-12,94.75850677490234
2021-07-13,93.9508285522461
2021-07-14,95.72964477539062
2021-07-15,95.4892578125
2021-07-16,95.09503936767578
2021-07-19,94.162353515625
2021-07-20,91.27777862548828
2021-07-21,92.82583618164062
2021-07-22,93.4989013671875
2021-07-23,94.61427307128906
2021-07-26,95.22964477539062
2021-07-27,95.99887084960938
2021-07-28,95.13350677490234
2021-07-29,96.43156433105469
2021-07-30,96.23925018310547
2021-08-02,96.18155670166016
2021-08-03,96.57579040527344
2021-08-04,95.6623306274414
2021-08-05,95.75849151611328
2021-08-06,95.39311218261719
2021-08-09,95.38349151611328
2021-08-10,96.11425018310547
2021-08-11,95.92195129394531
2021-08-12,96.1623306274414
2021-08-13,97.6815414428711
2021-08-16,98.45076751708984
2021-08-17,98.55653381347656
2021-08-18,97.06616973876953
2021-08-19,97.51808166503906
2021-08-20,97.51808166503906
2021-08-23,96.97000885009766
2021-08-24,96.75848388671875
2021-08-25,97.34500885009766
2021-08-26,97.35462951660156
2021-08-27,98.17192840576172
2021-08-30,99.10460662841797
2021-08-31,99.03730010986328
2021-09-01,99.57575225830078
2021-09-02,101.57572937011719
2021-09-03,102.01803588867188
2021-09-07,101.97956848144531
2021-09-08,99.69114685058594
2021-09-09,98.63346099853516
2021-09-10,99.58536529541016
2021-09-13,98.64306640625
2021-09-14,98.03730773925781
2021-09-15,99.99882507324219
2021-09-16,98.87384033203125
2021-09-17,97.941162109375
2021-09-20,97.1046371459961
2021-09-21,96.64309692382812
2021-09-22,96.64309692382812
2021-09-23,97.54693603515625
2021-09-24,97.90269470214844
2021-09-27,98.56615447998047
2021-09-28,95.80169677734375
2021-09-29,96.84323120117188
2021-09-30,92.26828002929688
2021-10-01,93.52395629882812
2021-10-04,93.63102722167969
2021-10-05,93.8257064819336
2021-10-06,94.06906127929688
2021-10-07,93.10539245605469
2021-10-08,92.81336975097656
2021-10-11,92.58949279785156
2021-10-12,93.0372543334961
2021-10-13,94.8769760131836
2021-10-14,96.22026062011719
2021-10-15,95.75303649902344
2021-10-18,94.85750579833984
2021-10-19,93.2416763305664
2021-10-20,94.43894958496094
2021-10-21,93.9522476196289
2021-10-22,94.30266571044922
2021-10-25,93.97171783447266
2021-10-26,93.64076232910156
2021-10-27,92.34615325927734
2021-10-28,93.41688537597656
2021-10-29,92.0249252319336
2021-11-01,90.9347152709961
2021-11-02,91.51875305175781
2021-11-03,92.20986938476562
2021-11-04,91.22673797607422
2021-11-05,91.79130554199219
2021-11-08,90.41881561279297
2021-11-09,91.17807006835938
2021-11-10,91.86917877197266
2021-11-11,92.47268676757812
2021-11-12,92.23906707763672
2021-11-15,92.82311248779297
2021-11-16,90.59402465820312
2021-11-17,91.1001968383789
2021-11-18,89.11447143554688
2021-11-19,87.99506378173828
2021-11-22,87.39155578613281
2021-11-23,87.2650146484375
2021-11-24,87.63490295410156
2021-11-26,86.32081604003906
2021-11-29,85.02619934082031
2021-11-30,83.65371704101562
2021-12-01,84.55896759033203
2021-12-02,85.50315856933594
2021-12-03,87.00218963623047
2021-12-06,88.95872497558594
2021-12-07,88.00479888916016
2021-12-08,87.49862670898438
2021-12-09,87.11900329589844
2021-12-10,87.64463806152344
2021-12-13,89.23127746582031
2021-12-14,89.47461700439453
2021-12-15,90.26307678222656
2021-12-16,91.86917877197266
2021-12-17,90.96391296386719
2021-12-20,90.38961791992188
2021-12-21,90.56482696533203
2021-12-22,91.66988372802734
2021-12-23,91.68961334228516
2021-12-27,92.29146575927734
2021-12-28,92.6072006225586
2021-12-29,93.04132843017578
2021-12-30,93.00186157226562
